0.17664003372192
0.11881399154663
0.11976504325867
0.11111307144165
0.1259458065033
0.12100887298584
0.13056802749634
0.14119791984558
0.13038086891174
0.13994789123535
0.1271870136261
0.12849998474121
0.13126301765442
0.12227416038513
0.12973499298096
0.1164448261261
0.13564109802246
0.12416815757751
0.14821696281433
0.13095688819885
0.12272500991821
0.14608812332153
0.12183117866516
0.14185500144958
0.12716794013977
0.1229259967804
0.13729786872864
0.12212300300598
0.14009499549866
0.11333990097046
0.11122584342957
0.12934613227844
0.12240695953369
0.12710785865784
0.12659478187561
0.13008308410645
0.12577104568481
0.11337089538574
0.13816785812378
0.1235818862915
0.12796306610107
0.11985111236572
0.12209105491638
0.13158392906189
0.11759114265442
0.13876104354858
0.12867283821106
0.122239112854
0.12809491157532
0.11732196807861
0.14484095573425
0.12782597541809
0.12199187278748
0.13357186317444
0.13404703140259
0.1302490234375
0.12076210975647
0.13360500335693
0.12965798377991
0.13874197006226
0.12106704711914
0.15119600296021
0.13415002822876
0.13744115829468
0.13855385780334
0.1374249458313
0.15112400054932
0.12857985496521
0.1465048789978
0.14272904396057
0.1386570930481
0.13547611236572
0.12783288955688
0.13852596282959
0.13208603858948
0.11225700378418
0.1206648349762
0.13106393814087
0.12146091461182
0.13062810897827
0.12128710746765
0.11750292778015
0.13489484786987
0.12423801422119
0.12926411628723
0.12661910057068
0.12883710861206
0.13387584686279
0.12044596672058
0.14005303382874
0.12345314025879
0.12984704971313
0.13029289245605
0.12800407409668
0.13181805610657
0.11958599090576
0.1316831111908
0.12157297134399
0.13124299049377
0.12807512283325
0.127357006073
0.13491106033325
0.12910485267639
0.13713502883911
0.1343150138855
0.12137508392334
0.15077614784241
0.13871097564697
0.12449383735657
0.1278350353241
0.13992190361023
0.13051080703735
0.1452329158783
0.13870906829834
0.19264698028564
0.14548206329346
0.13065814971924
0.1443018913269
0.12616801261902
0.13140892982483
0.15444803237915
0.12906813621521
0.13536500930786
0.12503695487976
0.13066911697388
0.14594101905823
0.12728786468506
0.12351393699646
0.13507080078125
0.12791204452515
0.12998390197754
0.13165879249573
0.1288468837738
0.14145588874817
0.12129497528076
0.115718126297
0.13906502723694
0.12584495544434
0.12223792076111
0.14040899276733
0.13666105270386
0.1463360786438
0.12678408622742
0.15048003196716
0.14235401153564
0.12483501434326
0.14175415039062
0.12508487701416
0.13361191749573
0.1303379535675
0.13730812072754
0.12398886680603
0.12581205368042
0.14126682281494
0.126708984375
0.13547110557556
0.12732911109924
0.12174415588379
0.15202903747559
0.12589693069458
0.1480507850647
0.13176321983337
0.12335920333862
0.17163395881653
0.1245481967926
0.14368486404419
0.12855315208435
0.13531303405762
0.12584209442139
0.13394403457642
0.12280297279358
0.12905287742615
0.14215779304504
0.12374401092529
0.13554000854492
0.1187469959259
0.12749409675598
0.14330792427063
0.12242197990417
0.15735816955566
0.13772201538086
0.12908983230591
0.14041304588318
0.1479640007019
0.13001704216003
0.15136384963989
0.14402890205383
0.12975811958313
0.15068912506104
0.15365290641785
0.13686990737915
0.14303493499756
0.13384294509888
0.14363598823547
0.13544487953186
0.13043594360352
0.14432382583618
0.140469789505
0.14528799057007
0.12506914138794
0.12413096427917
0.13991403579712
0.1246030330658
0.14497208595276
0.15524291992188
0.13425087928772
0.12582993507385
0.12938690185547
0.14218091964722
0.12519502639771
0.14398908615112
0.12406301498413
0.12881898880005
0.13669490814209
0.1214599609375
0.14280700683594
0.11758804321289
0.12091398239136
0.14652490615845
0.12392687797546
0.13772702217102
0.13338899612427
0.13974380493164
0.13158702850342
0.12655591964722
0.15771913528442
0.13427019119263
0.14772081375122
0.12628507614136
0.19148397445679
0.16599202156067
0.13462805747986
0.15965700149536
0.13618612289429
0.15900611877441
0.13016605377197
0.13371109962463
0.13727593421936
0.13874387741089
0.16814994812012
0.1501681804657
0.12762403488159
0.12523698806763
0.15293383598328
0.12929511070251
0.12885594367981
0.14822483062744
0.13148999214172
0.13677501678467
0.13411808013916
0.13833785057068
0.14912104606628
0.13391900062561
0.14009118080139
0.1354238986969
0.12441515922546
0.14351797103882
0.12689709663391
0.14207196235657
0.12273001670837
0.12636709213257
0.15213918685913
0.11898994445801
0.13489413261414
0.12045502662659
0.12502002716064
0.13538908958435
0.11934494972229
0.1330578327179
0.11866998672485
0.12356996536255
0.14534306526184
0.12444591522217
0.14611291885376
0.11502814292908
0.11716890335083
0.13201713562012
0.12136006355286
0.13760900497437
0.11997294425964
0.12048196792603
0.1380341053009
0.13226795196533
0.14432311058044
0.13323497772217
0.14441895484924
0.12355399131775
0.15703701972961
0.13471102714539
0.13987803459167
0.14237809181213
0.1200749874115
0.13933491706848
0.12200284004211
0.12848210334778
0.14542007446289
0.13392281532288
0.14662408828735
0.12550401687622
0.14897298812866
0.12997007369995
0.15509390830994
0.15977811813354
0.13573122024536
0.15033006668091
0.1539900302887
0.13466691970825
0.14999508857727
0.14773201942444
0.13030195236206
0.17907309532166
0.12664008140564
0.15961694717407
0.12438678741455
0.14803194999695
0.13088488578796
0.12375092506409
0.14623999595642
0.12063002586365
0.14471292495728
0.12440085411072
0.13004899024963
0.14344811439514
0.12570905685425
0.13913512229919
0.12828207015991
0.1245379447937
0.15308499336243
0.13289189338684
0.14266300201416
0.12602210044861
0.14047908782959
0.13500809669495
0.12102484703064
0.14541101455688
0.12725400924683
0.14341711997986
0.11799192428589
0.13835906982422
0.13518404960632
0.1308491230011
0.13715887069702
0.12491703033447
0.11775708198547
0.14550185203552
0.14066410064697
0.13544893264771
0.14819693565369
0.12524580955505
0.12124800682068
0.14661192893982
0.12479686737061
0.14575791358948
0.12991809844971
0.12990403175354
0.12970900535583
0.12609696388245
0.12856888771057
0.13948607444763
0.14473795890808
0.15665602684021
0.1351900100708
0.12500405311584
0.14910793304443
0.13811802864075
0.12737607955933
0.14871001243591
0.12616205215454
0.13473296165466
0.14662194252014
0.12602686882019
0.12849998474121
0.14739084243774
0.13502502441406
0.15132403373718
0.12231087684631
0.13645195960999
0.12613487243652
0.11732912063599
0.14260601997375
0.1400089263916
0.14639186859131
0.12339782714844
0.14881706237793
0.13226413726807
0.12521600723267
0.13941407203674
0.12550711631775
0.14336013793945
0.12755393981934
0.1691620349884
0.14207601547241
0.12929201126099
0.13463592529297
0.13064503669739
0.12135481834412
0.140212059021
0.13238310813904
0.14334917068481
0.13408899307251
0.14529013633728
0.13019394874573
0.15196299552917
0.12550187110901
0.12939095497131
0.14348697662354
0.12876200675964
0.15769815444946
0.1342990398407
0.12328290939331
0.14570498466492
0.12875390052795
0.12463283538818
0.13957190513611
0.13535714149475
0.13383007049561
0.12096190452576
0.13660311698914
0.12827491760254
