0.1685631275177
0.1012659072876
0.094919919967651
0.10155200958252
0.10298299789429
0.096779108047485
0.1064920425415
0.11040592193604
0.10359811782837
0.091531991958618
0.099071025848389
0.10401892662048
0.1068160533905
0.10989713668823
0.10627198219299
0.097568035125732
0.10701584815979
0.10529208183289
0.10777497291565
0.12777900695801
0.11474394798279
0.1044340133667
0.1152708530426
0.12954998016357
0.11173701286316
0.10827803611755
0.11325693130493
0.10628890991211
0.1091091632843
0.11753606796265
0.10378813743591
0.098986864089966
0.096243143081665
0.11205196380615
0.10976004600525
0.10565400123596
0.10665202140808
0.10769200325012
0.11233615875244
0.11002087593079
0.12408995628357
0.10332107543945
0.09968900680542
0.11259388923645
0.10751509666443
0.11670899391174
0.11119699478149
0.11287212371826
0.11611104011536
0.10082793235779
0.10244679450989
0.1060471534729
0.11261296272278
0.13170886039734
0.11017203330994
0.10224294662476
0.11563491821289
0.1207549571991
0.11516189575195
0.10765814781189
0.11102318763733
0.1051709651947
0.118821144104
0.10619187355042
0.1104941368103
0.10524392127991
0.1073169708252
0.11905479431152
0.11081910133362
0.10606098175049
0.10565710067749
0.11027789115906
0.11908388137817
0.10903286933899
0.11323809623718
0.10649394989014
0.10814094543457
0.13843202590942
0.10586905479431
0.11208820343018
0.11243796348572
0.11015200614929
0.11925792694092
0.11002111434937
0.11464190483093
0.11063599586487
0.11153316497803
0.10437703132629
0.10971593856812
0.11179304122925
0.10604310035706
0.11281490325928
0.1013011932373
0.10287404060364
0.10846400260925
0.103590965271
0.12068700790405
0.10086607933044
0.11013984680176
0.11319398880005
0.10696911811829
0.11552381515503
0.112380027771
0.1196300983429
0.10213708877563
0.10797691345215
0.11625289916992
0.1021409034729
0.12293195724487
0.11782884597778
0.10372400283813
0.10872197151184
0.10282516479492
0.11550188064575
0.11299419403076
0.10430002212524
0.10573792457581
0.10661196708679
0.12672591209412
0.11561298370361
0.10698485374451
0.10810589790344
0.10358786582947
0.11507105827332
0.11372995376587
0.10453009605408
0.10706090927124
0.10606384277344
0.12852883338928
0.10540890693665
0.10663199424744
0.10932207107544
0.10752105712891
0.12406206130981
0.10965204238892
0.10921692848206
0.10788583755493
0.10668992996216
0.11892008781433
0.1036229133606
0.10582304000854
0.10589003562927
0.10715818405151
0.11757588386536
0.1106219291687
0.11353206634521
0.11916399002075
0.11806511878967
0.12085199356079
0.11601877212524
0.10856890678406
0.1088399887085
0.11435914039612
0.13200211524963
0.10699677467346
0.10897612571716
0.11542701721191
0.11779689788818
0.11458110809326
0.11421608924866
0.11053109169006
0.10499787330627
0.11984705924988
0.12199902534485
0.11175894737244
0.10656094551086
0.11530590057373
0.11800098419189
0.12643504142761
0.10769605636597
0.1078770160675
0.12028312683105
0.11022400856018
0.11787581443787
0.10904288291931
0.10656905174255
0.11744809150696
0.11051106452942
0.1149799823761
0.11174702644348
0.10900497436523
0.11795687675476
0.10850596427917
0.11419296264648
0.11536884307861
0.10963010787964
0.11452388763428
0.098189115524292
0.10904002189636
0.10696005821228
0.10640001296997
0.11327290534973
0.10550808906555
0.12347006797791
0.11039400100708
0.10929703712463
0.10802793502808
0.10608291625977
0.11720895767212
0.11201882362366
0.11285185813904
0.10257196426392
0.1081690788269
0.12246799468994
0.10883808135986
0.1191930770874
0.107577085495
0.11300492286682
0.12628602981567
0.10585808753967
0.11959195137024
0.11325216293335
0.1150119304657
0.11009311676025
0.10442996025085
0.12547707557678
0.12637090682983
0.13344502449036
0.10629296302795
0.14472889900208
0.099367141723633
0.10650897026062
0.12228202819824
0.16932201385498
0.1378059387207
0.12329506874084
0.11826109886169
0.11867308616638
0.13854002952576
0.10911583900452
0.11129903793335
0.11771512031555
