0.19593000411987
0.13587617874146
0.14388799667358
0.13257789611816
0.18255186080933
0.19872903823853
0.18132996559143
0.18141412734985
0.19665694236755
0.30519700050354
0.2787868976593
0.20938920974731
0.20280790328979
0.18088388442993
0.19196105003357
0.24871015548706
0.24770998954773
0.26935577392578
0.20746898651123
0.27529311180115
0.20223307609558
0.21569800376892
0.19688510894775
0.19278001785278
0.21120691299438
0.20289206504822
0.20680999755859
0.24810814857483
0.20727014541626
0.26173281669617
0.24379587173462
0.28245401382446
0.25567984580994
0.26622700691223
0.28796005249023
0.20677709579468
0.22369503974915
0.26118302345276
0.2161660194397
0.20705008506775
0.25742506980896
0.19381093978882
0.22381901741028
0.26520705223083
0.21087884902954
0.21962094306946
0.27107787132263
0.22151207923889
0.21117091178894
0.25772404670715
0.20061016082764
0.22971796989441
0.28680610656738
0.21339797973633
0.21948885917664
0.260498046875
0.21312594413757
0.2138500213623
0.27013897895813
0.227942943573
0.23420214653015
0.29523301124573
0.21185207366943
0.22657203674316
0.28997111320496
0.21628594398499
0.20926094055176
0.27839398384094
0.20421195030212
0.21478700637817
0.28465986251831
0.20930814743042
0.21949982643127
0.27862215042114
0.22133111953735
0.20936298370361
0.32350182533264
0.22999000549316
0.21622204780579
0.21556186676025
0.22852611541748
0.21984815597534
0.23385190963745
0.21419095993042
0.22651195526123
0.26009082794189
0.2191469669342
0.21632385253906
0.26326084136963
0.22477698326111
0.21539211273193
0.30565810203552
0.22061109542847
0.21257090568542
0.34306287765503
0.24071907997131
0.41682887077332
0.31306600570679
0.43863391876221
0.37416005134583
0.54916501045227
0.51208996772766
0.49145293235779
0.5937819480896
0.55319595336914
0.65673995018005
0.60682988166809
0.48089909553528
0.73136281967163
0.70796799659729
0.65142011642456
0.71696400642395
0.64132499694824
0.77703785896301
0.87089681625366
0.83005309104919
0.7541971206665
0.78004193305969
0.73594880104065
0.80183100700378
0.97710609436035
0.94907283782959
0.86331987380981
0.91479516029358
1.1134099960327
0.8577139377594
0.97150087356567
0.99885988235474
0.93690299987793
1.1340529918671
1.1201870441437
1.0532078742981
1.3227481842041
1.1924631595612
1.0103759765625
1.1825549602509
1.1718320846558
1.1088280677795
1.1554069519043
1.4142639636993
1.2348439693451
1.2296590805054
1.2289469242096
1.176924943924
1.2680208683014
1.3180251121521
1.3295509815216
1.3364169597626
1.3549489974976
1.3504598140717
1.3279371261597
1.3801510334015
1.3471670150757
1.4253280162811
1.2990720272064
1.4664740562439
1.4768087863922
1.3985259532928
1.5457651615143
1.550393819809
1.4574398994446
1.5659201145172
1.7259788513184
1.7612299919128
1.584153175354
1.5800359249115
1.5287129878998
1.6354119777679
1.6777698993683
1.6218881607056
1.5474610328674
1.6984770298004
1.6128039360046
1.6755931377411
1.5890278816223
1.6330170631409
1.668389081955
1.7480530738831
1.6192879676819
1.7128689289093
1.6569561958313
1.7069439888
1.7115609645844
1.7657041549683
1.7666280269623
1.7766239643097
1.7329339981079
1.8490719795227
1.7765920162201
1.899552822113
1.9079880714417
1.7745389938354
1.8236560821533
1.913596868515
1.825915813446
1.8100321292877
2.3852150440216
1.8030169010162
1.9056301116943
1.9773588180542
1.9191830158234
1.8941569328308
2.1854147911072
2.2707509994507
1.9973771572113
1.9745121002197
1.9726760387421
2.0031728744507
2.1666400432587
2.136992931366
1.9943299293518
2.0375208854675
2.0336449146271
2.0663089752197
2.1918430328369
1.9834840297699
